---
maxVel: 38.110287416570166
maxAccel: 38.110287416570166
maxAngVel: 4.824087014755717
maxAngAccel: 4.824087014755717
robotLength: 18.0
robotWidth: 18.0
driveType: "MECANUM"
trackWidth: 15.8
lateralMultiplier: 1.0
