---
startPose:
  x: -63.42
  y: 24.17
  heading: 0.0
startTangent: 0.0
waypoints:
- position:
    x: -24.17
    y: 17.25
  heading: 0.0
  tangent: 0.0
  interpolationType: "TANGENT"
- position:
    x: 36.25
    y: 36.25
  heading: 0.0
  tangent: 1.5707963267948966
  interpolationType: "TANGENT"
- position:
    x: -24.17
    y: 52.75
  heading: 0.0
  tangent: 3.141592653589793
  interpolationType: "TANGENT"
- position:
    x: -44.17
    y: 52.75
  heading: 0.0
  tangent: 3.141592653589793
  interpolationType: "TANGENT"
resolution: 0.25
version: 1
